geolocation: N/A
lastAccountName: Oof_scar
timestamps:
  login: 1542135497073
  logout: 1542135617313
  lastteleport: 1542066808452
ipAddress: 10.146.65.90
lastlocation:
  world: world
  x: 71.16791620138596
  y: 61.0625
  z: 179.33490139138803
  yaw: -75.295044
  pitch: -68.84999
logoutlocation:
  world: world
  x: 71.53936697977305
  y: 61.0
  z: 179.50810264866993
  yaw: -229.04921
  pitch: 31.949976
afk: false
homes:
  home:
    world: world
    x: 70.14070335501549
    y: 61.0625
    z: 177.81924047857945
    yaw: -51.600037
    pitch: 20.699982
