jails: 
  jail: 
    world: city
    x: -200.31131550474137
    y: 61.0
    z: -51.61918830716844
    yaw: 63.782448
    pitch: 49.337048
