spawns: 
  default: 
    world: world
    x: 2004.4935792721153
    y: 14.0
    z: 3017.4704973212565
    yaw: 3.144747
    pitch: -5.3301005
