geolocation: N/A
lastAccountName: Ever_Tree
timestamps:
  login: 1542217962639
  logout: 1542218017184
ipAddress: 10.146.66.100
logoutlocation:
  world: world
  x: 22.07768660472379
  y: 71.0
  z: 295.17039057113817
  yaw: -178.95831
  pitch: 33.44985
