world: world
x: 17.5
y: 72.0
z: -13.5
yaw: 180.37752
pitch: 0.7522181
name: Arena1
lastowner: ea89974b-77ad-3c41-8273-6072be99af20
