world: world
x: 192.27610766029193
y: 187.0
z: 58.81725538774462
yaw: 127.07242
pitch: 2.849963
name: Arena2
lastowner: ea89974b-77ad-3c41-8273-6072be99af20
