geolocation: N/A
lastAccountName: Ever_Tree
timestamps:
  login: 1542130756737
  logout: 1542131245369
ipAddress: 10.146.67.164
logoutlocation:
  world: world
  x: 20.85028506438149
  y: 71.0
  z: 292.50918829103773
  yaw: 246.1492
  pitch: 22.500067
