geolocation: N/A
lastAccountName: CreeperZ585
timestamps:
  login: 1542159099759
  logout: 1542160427676
  lastteleport: 1542161562352
ipAddress: 192.168.1.4
logoutlocation:
  world: world
  x: 46.13749998807907
  y: 70.0
  z: 247.3000000119209
  yaw: 282.60522
  pitch: 46.049995
afk: false
lastlocation:
  world: world
  x: -12.158418319983744
  y: 63.0
  z: 274.69999998807907
  yaw: 234.30469
  pitch: 15.000012
godmode: false
homes:
  home:
    world: world
    x: 35.923731447336976
    y: 64.1875
    z: 255.4708949906122
    yaw: 1.3502197
    pitch: 8.099946
  mine:
    world: world
    x: 16.506844056542718
    y: 12.0
    z: 320.43931557104554
    yaw: -0.2997914
    pitch: 1.7999883
powertools: {}
