geolocation: United States
lastAccountName: Moonsheek
timestamps:
  login: 1535168535600
  lastteleport: 1535168549564
  logout: 1535168568931
ipAddress: 138.87.27.173
lastlocation:
  world: SkyblockLobby
  x: -534.5
  y: 149.0
  z: 898.5
  yaw: 0.90008545
  pitch: 4.6500154
logoutlocation:
  world: SkyblockLobby
  x: -534.5
  y: 149.0
  z: 898.5
  yaw: 0.90008545
  pitch: 4.6500154
