lastAccountName: ElijahBrooks06
timestamps:
  login: 1535174583471
  lastteleport: 1535174547099
  logout: 1535174586702
ipAddress: 134.228.114.66
geolocation: United States
lastlocation:
  world: Lobby2
  x: -69.67391582826403
  y: 83.0
  z: 23.883660012353317
  yaw: -0.57903266
  pitch: -4.3427444
logoutlocation:
  world: Lobby2
  x: -70.0
  y: 86.0
  z: -9.0
  yaw: -28.08309
  pitch: 26.925024
