lastAccountName: psyphi_
timestamps:
  login: 1535176083675
  lastteleport: 1535176137035
  logout: 1535176153299
ipAddress: 71.188.69.106
geolocation: United States
lastlocation:
  world: Lobby2
  x: -71.5029239436716
  y: 86.0
  z: -14.690538456254476
  yaw: -298.8963
  pitch: -17.919542
logoutlocation:
  world: SkyblockLobby
  x: -533.7192294403109
  y: 149.0
  z: 892.5323956945085
  yaw: 9.8463745
  pitch: 6.0263586
