lastAccountName: XJaneThekiLLAx
timestamps:
  login: 1535168377568
  lastteleport: 1535168388104
  logout: 1535168568379
ipAddress: 138.87.27.173
geolocation: United States
lastlocation:
  world: SkyblockLobby
  x: -534.5
  y: 149.0
  z: 898.5
  yaw: 0.90008545
  pitch: 4.6500154
logoutlocation:
  world: SkyblockLobby
  x: -524.5
  y: 146.24918703140554
  z: 917.94
  yaw: -180.0
  pitch: -45.0
