lastAccountName: HueChi
timestamps:
  login: 1535168317855
  lastteleport: 1535168328325
  logout: 1535168568269
ipAddress: 138.87.27.173
geolocation: United States
lastlocation:
  world: SkyblockLobby
  x: -534.5
  y: 149.0
  z: 898.5
  yaw: 0.90008545
  pitch: 4.6500154
logoutlocation:
  world: SkyblockLobby
  x: -531.7399999999998
  y: 146.17380327766443
  z: 924.5
  yaw: -270.0
  pitch: -0.0
