geolocation: United States
lastAccountName: WikusWollie
timestamps:
  login: 1535168457849
  lastteleport: 1535168468690
  logout: 1535168568668
ipAddress: 138.87.27.173
lastlocation:
  world: SkyblockLobby
  x: -534.5
  y: 149.0
  z: 898.5
  yaw: 0.90008545
  pitch: 4.6500154
logoutlocation:
  world: SkyblockLobby
  x: -534.5
  y: 149.0
  z: 898.5
  yaw: 0.90008545
  pitch: 4.6500154
