lastAccountName: 8LN
timestamps:
  login: 1535154564949
  lastteleport: 1535155280279
  logout: 1535155397583
ipAddress: 24.194.190.233
geolocation: United States
lastlocation:
  world: Lobby2
  x: -69.41949384273974
  y: 86.0
  z: 8.232918201571527
  yaw: -6.4499993
  pitch: 6.150001
logoutlocation:
  world: SkyblockLobby
  x: -549.3000000119209
  y: 146.0
  z: 908.5583773159437
  yaw: -80.24988
  pitch: -8.249993
