geolocation: France
lastAccountName: 47W
timestamps:
  login: 1535177174161
  logout: 1535177641979
ipAddress: 51.38.152.89
lastlocation:
  world: world
  x: 0.0
  y: 62.0
  z: 0.0
  yaw: 0.0
  pitch: 0.0
logoutlocation:
  world: Lobby2
  x: -86.69999998807904
  y: 85.0
  z: -35.929135221328956
  yaw: -298.64944
  pitch: 30.449945
