lastAccountName: darkthon_44
timestamps:
  login: 1535168430469
  lastteleport: 1535168441240
  logout: 1535168568603
ipAddress: 138.87.27.173
geolocation: United States
lastlocation:
  world: SkyblockLobby
  x: -525.520101012678
  y: 150.78804391766442
  z: 892.520101012678
  yaw: -135.0
  pitch: 35.26439
logoutlocation:
  world: SkyblockLobby
  x: -530.3020101012678
  y: 149.0625
  z: 903.3020101012678
  yaw: -138.01279
  pitch: 20.387434
