geolocation: United States
lastAccountName: ThiccSnaccs
timestamps:
  login: 1535134033061
  lastteleport: 1535134819581
  kits:
    starter: 1535134073043
ipAddress: 208.102.35.193
lastlocation:
  world: Lobby2
  x: -62.69999998807907
  y: 83.0
  z: -44.30000001192093
  yaw: -90.60001
  pitch: 17.55001
