geolocation: United States
lastAccountName: Flame4206
timestamps:
  login: 1535172679838
  lastteleport: 1535172693769
  logout: 1535172761047
ipAddress: 170.72.60.13
lastlocation:
  world: Lobby2
  x: -71.05380234059068
  y: 86.0
  z: -11.219556871509335
  yaw: -295.72662
  pitch: -2.8121953
logoutlocation:
  world: SkyblockLobby
  x: -535.2816288551669
  y: 148.0
  z: 908.320730551608
  yaw: 45.87256
  pitch: 5.443313
