geolocation: Philippines
lastAccountName: JohnRich1372
timestamps:
  login: 1535188785508
  logout: 1535189773546
ipAddress: 110.54.233.124
lastlocation:
  world: world
  x: 0.0
  y: 62.0
  z: 0.0
  yaw: 0.0
  pitch: 0.0
logoutlocation:
  world: Lobby2
  x: -71.63007525376447
  y: 86.0
  z: -5.891530333791128
  yaw: 20.400002
  pitch: 6.4499993
