lastAccountName: Nolz_Mc
timestamps:
  login: 1535190396620
  lastteleport: 1535140656476
  logout: 1535190404102
ipAddress: 155.4.52.98
geolocation: Sweden
lastlocation:
  world: Lobby2
  x: -56.33373364018924
  y: 95.0
  z: -62.712023423768855
  yaw: 292.83832
  pitch: 0.6890342
logoutlocation:
  world: Lobby2
  x: -70.0
  y: 86.0
  z: -5.496520037905869
  yaw: -0.06571698
  pitch: -0.3285849
