lastAccountName: _Boes_
timestamps:
  login: 1535213875759
  lastteleport: 1535213923632
  logout: 1535213936419
ipAddress: 86.88.234.228
geolocation: Netherlands
lastlocation:
  world: ASkyBlock
  x: -1199.6734848355345
  y: 120.0
  z: -802.1074726584027
  yaw: -163.35005
  pitch: 24.6
logoutlocation:
  world: Lobby2
  x: -76.3924696167019
  y: 92.65658248110962
  z: 32.98464339105057
  yaw: 170.99998
  pitch: 38.099987
