lastAccountName: TerrificTyrone
timestamps:
  login: 1535168422297
  lastteleport: 1535168433173
  logout: 1535168568570
ipAddress: 138.87.27.173
geolocation: United States
lastlocation:
  world: SkyblockLobby
  x: -534.5
  y: 149.0
  z: 898.5
  yaw: 0.90008545
  pitch: 4.6500154
logoutlocation:
  world: SkyblockLobby
  x: -542.5
  y: 145.10709662832042
  z: 926.5
  yaw: -0.1913136
  pitch: 18.377441
