geolocation: United States
lastAccountName: GalacticEmpire72
timestamps:
  login: 1535170607550
  logout: 1535170705610
ipAddress: 172.119.141.149
lastlocation:
  world: world
  x: 0.0
  y: 62.0
  z: 0.0
  yaw: 0.0
  pitch: 0.0
logoutlocation:
  world: Lobby2
  x: -70.24484637103036
  y: 83.5
  z: -31.272877064127083
  yaw: 182.7579
  pitch: 4.2938128
