lastAccountName: Panskii
timestamps:
  login: 1535212232437
  logout: 1535212269151
ipAddress: 95.149.98.207
geolocation: United Kingdom
lastlocation:
  world: world
  x: 0.0
  y: 62.0
  z: 0.0
  yaw: 0.0
  pitch: 0.0
logoutlocation:
  world: Lobby2
  x: -71.94956635094067
  y: 86.0
  z: -0.7976322866581689
  yaw: -324.76587
  pitch: 26.204046
