lastAccountName: LegendaryDavid12
timestamps:
  login: 1535137144852
  lastteleport: 1535137632486
  logout: 1535137688431
ipAddress: 81.156.102.164
geolocation: United Kingdom
lastlocation:
  world: Lobby2
  x: -69.61363924323588
  y: 86.0
  z: -0.5222448346267075
  yaw: 38.787014
  pitch: -11.399087
logoutlocation:
  world: ASkyBlock
  x: 803.3000000119209
  y: 120.0
  z: -400.7888846248689
  yaw: 39.60956
  pitch: 52.098263
