geolocation: United States
lastAccountName: Thooomaaaas
timestamps:
  login: 1535168307800
  lastteleport: 1535168318106
  logout: 1535168569410
ipAddress: 138.87.27.173
lastlocation:
  world: SkyblockLobby
  x: -534.5
  y: 149.0
  z: 898.5
  yaw: 0.90008545
  pitch: 4.6500154
logoutlocation:
  world: SkyblockLobby
  x: -526.510050506339
  y: 144.0
  z: 928.489949493661
  yaw: -49.236397
  pitch: -0.0
