lastAccountName: Fergs94
timestamps:
  login: 1535168357754
  lastteleport: 1535168368390
  logout: 1535168568347
ipAddress: 138.87.27.173
geolocation: United States
lastlocation:
  world: SkyblockLobby
  x: -534.5
  y: 149.0
  z: 898.5
  yaw: 0.90008545
  pitch: 4.6500154
logoutlocation:
  world: SkyblockLobby
  x: -536.8959797974644
  y: 144.0
  z: 930.8959797974644
  yaw: -314.99997
  pitch: -0.0
