geolocation: United States
lastAccountName: flyguy5112
timestamps:
  login: 1535181830107
  lastteleport: 1535181848542
  logout: 1535181855538
ipAddress: 73.15.221.43
lastlocation:
  world: Lobby2
  x: -66.66243448385413
  y: 86.0
  z: 5.747144533434102
  yaw: -176.7563
  pitch: 7.6084228
logoutlocation:
  world: SkyblockLobby
  x: -537.7599350322031
  y: 148.0
  z: 917.1778673725372
  yaw: 15.110567
  pitch: 27.2195
