lastAccountName: mijosterio2
timestamps:
  login: 1535168414196
  lastteleport: 1535168424852
  logout: 1535168568537
ipAddress: 138.87.27.173
geolocation: United States
lastlocation:
  world: SkyblockLobby
  x: -534.5
  y: 149.0
  z: 898.5
  yaw: 0.90008545
  pitch: 4.6500154
logoutlocation:
  world: SkyblockLobby
  x: -518.5
  y: 144.0
  z: 928.5
  yaw: -26.56505
  pitch: 83.01172
