lastAccountName: discunbah
timestamps:
  login: 1535168406055
  lastteleport: 1535168416584
  logout: 1535168568505
ipAddress: 138.87.27.173
geolocation: United States
lastlocation:
  world: SkyblockLobby
  x: -534.5
  y: 149.0
  z: 898.5
  yaw: 0.90008545
  pitch: 4.6500154
logoutlocation:
  world: SkyblockLobby
  x: -512.6979898987322
  y: 143.0625
  z: 920.3020101012678
  yaw: -224.99998
  pitch: -0.0
