lastAccountName: XnXLeViXnX
timestamps:
  login: 1535160371661
  lastteleport: 1535160568804
  logout: 1535160612822
  kits:
    starter: 1535160476702
ipAddress: 24.18.174.182
geolocation: United States
lastlocation:
  world: Lobby2
  x: -69.5006674386074
  y: 86.0
  z: -8.474481006582119
  yaw: 6.6873307
  pitch: -12.286218
logoutlocation:
  world: SkyblockLobby
  x: -556.7971960340792
  y: 147.0
  z: 906.0709369184754
  yaw: 189.11818
  pitch: 11.945283
