lastAccountName: makeemhack
timestamps:
  login: 1535153177106
  lastteleport: 1535153225568
  kits:
    starter: 1535153249447
  logout: 1535153275064
ipAddress: 24.157.76.47
geolocation: Canada
lastlocation:
  world: SkyblockLobby
  x: -544.6278759779202
  y: 148.0
  z: 904.3000000119209
  yaw: 155.63846
  pitch: 11.865943
logoutlocation:
  world: SkyblockLobby
  x: -510.90621952894867
  y: 144.0
  z: 881.0279469014018
  yaw: -52.38581
  pitch: -1.8989897
