lastAccountName: Deathreapery
timestamps:
  login: 1535168247637
  lastteleport: 1535168258359
  logout: 1535168569180
ipAddress: 138.87.27.173
geolocation: United States
lastlocation:
  world: SkyblockLobby
  x: -534.5
  y: 149.0
  z: 898.5
  yaw: 0.90008545
  pitch: 4.6500154
logoutlocation:
  world: SkyblockLobby
  x: -527.5
  y: 146.0
  z: 915.511
  yaw: -180.0
  pitch: -0.0
