geolocation: United States
lastAccountName: UltPumpkinPie
timestamps:
  login: 1535168477900
  lastteleport: 1535168488768
  logout: 1535168568732
ipAddress: 138.87.27.173
lastlocation:
  world: SkyblockLobby
  x: -534.5
  y: 149.0
  z: 898.5
  yaw: 0.90008545
  pitch: 4.6500154
logoutlocation:
  world: SkyblockLobby
  x: -534.5
  y: 149.0
  z: 898.5
  yaw: 0.90008545
  pitch: 4.6500154
