lastAccountName: MielMathers
timestamps:
  login: 1535138898044
  lastteleport: 1535138938386
  logout: 1535138967573
ipAddress: 82.20.33.223
geolocation: United Kingdom
lastlocation:
  world: Lobby2
  x: -70.43744750643816
  y: 86.0
  z: 29.814895248941944
  yaw: -189.3411
  pitch: 48.043026
logoutlocation:
  world: ASkyBlock
  x: 401.6625131144306
  y: 120.0
  z: -801.433509263809
  yaw: 144.68324
  pitch: -81.239876
