geolocation: United Kingdom
lastAccountName: Inventical
timestamps:
  login: 1535163567619
  logout: 1535163588348
ipAddress: 5.66.51.7
lastlocation:
  world: world
  x: 0.0
  y: 62.0
  z: 0.0
  yaw: 0.0
  pitch: 0.0
logoutlocation:
  world: Lobby2
  x: -74.54645804288063
  y: 87.0
  z: -25.415101379740843
  yaw: 189.75002
  pitch: 19.05002
