geolocation: United States
lastAccountName: OatmealMan420
timestamps:
  login: 1535386261998
  lastteleport: 1535386303683
  logout: 1535386383850
ipAddress: 69.207.140.68
lastlocation:
  world: Lobby2
  x: -68.65213295577776
  y: 86.0
  z: -9.45911546115481
  yaw: 294.89978
  pitch: -4.3500004
logoutlocation:
  world: SkyblockLobby
  x: -533.0263518053254
  y: 149.0625
  z: 896.7503053179398
  yaw: -119.24994
  pitch: 1.6500139
