lastAccountName: HavokGaming99
timestamps:
  login: 1535168397978
  lastteleport: 1535168408962
  logout: 1535168568468
ipAddress: 138.87.27.173
geolocation: United States
lastlocation:
  world: SkyblockLobby
  x: -534.5
  y: 149.0
  z: 898.5
  yaw: 0.90008545
  pitch: 4.6500154
logoutlocation:
  world: SkyblockLobby
  x: -523.5
  y: 145.24918703140554
  z: 931.94
  yaw: -166.50427
  pitch: -44.19793
