geolocation: United States
lastAccountName: ELITEscrAtch
timestamps:
  login: 1535180409818
  lastteleport: 1535180428112
  logout: 1535180497999
ipAddress: 24.18.50.127
lastlocation:
  world: Lobby2
  x: -69.53200751392899
  y: 85.5
  z: 9.601380583875851
  yaw: -8.550004
  pitch: 5.7000027
logoutlocation:
  world: SkyblockLobby
  x: -523.3000000119209
  y: 145.0625
  z: 868.8312580734516
  yaw: 260.40012
  pitch: 19.65004
