lastAccountName: Golicraft
timestamps:
  login: 1535154879606
  lastteleport: 1535154889950
  logout: 1535155116823
ipAddress: 84.215.216.66
geolocation: Norway
lastlocation:
  world: Lobby2
  x: -69.5
  y: 86.0
  z: -8.5
  yaw: -1.1861324E-6
  pitch: -6.4499993
money: '1999.99999999999999999999999'
logoutlocation:
  world: SkyblockLobby
  x: -534.511281349929
  y: 149.0
  z: 897.9469680431913
  yaw: 1.3500854
  pitch: 18.900017
