geolocation: Netherlands
lastAccountName: flapppie
timestamps:
  login: 1535154866310
  lastteleport: 1535154964727
ipAddress: 213.127.40.208
lastlocation:
  world: Lobby2
  x: -68.91831664869837
  y: 90.0
  z: 36.67077777833261
  yaw: 0.096616015
  pitch: 14.924679
