geolocation: United States
lastAccountName: FireBrethyBoi
timestamps:
  login: 1535248896981
  lastteleport: 1535249011987
ipAddress: 174.218.13.228
lastlocation:
  world: Lobby2
  x: -58.27906494069421
  y: 86.0
  z: -12.339376766407545
  yaw: -32.344116
  pitch: 27.041063
