geolocation: United Kingdom
lastAccountName: ImAllex
timestamps:
  login: 1535139469527
  lastteleport: 1535139489376
  logout: 1535139834104
ipAddress: 86.185.11.114
lastlocation:
  world: Lobby2
  x: -69.69220700002403
  y: 86.0
  z: 1.2023746577123644
  yaw: -1.6500012
  pitch: -1.6499999
logoutlocation:
  world: SkyblockLobby
  x: -507.56045344332415
  y: 145.0
  z: 866.4876796042944
  yaw: 225.74995
  pitch: 45.90002
