lastAccountName: oElz
timestamps:
  login: 1535133660302
  lastteleport: 1535133676824
  logout: 1535134530656
ipAddress: 208.157.177.94
geolocation: United States
lastlocation:
  world: Lobby2
  x: -70.0
  y: 86.0
  z: -9.0
  yaw: -1.05
  pitch: -0.75
logoutlocation:
  world: SkyblockLobby
  x: -534.7857405752679
  y: 149.0
  z: 898.1744225967811
  yaw: -76.05012
  pitch: -7.949961
