lastAccountName: Tre_
timestamps:
  login: 1535164779421
  lastteleport: 1535164967277
  logout: 1535165064647
ipAddress: 96.230.107.148
geolocation: United States
lastlocation:
  world: Lobby2
  x: -23.849850578397024
  y: 98.5
  z: 15.840536782270487
  yaw: 116.67066
  pitch: 30.94624
logoutlocation:
  world: SkyblockLobby
  x: -590.9035383102827
  y: 146.0
  z: 922.282143646699
  yaw: -65.572014
  pitch: -1.7504175
