lastAccountName: Battle_Heart
timestamps:
  login: 1535168267820
  lastteleport: 1535168278194
  logout: 1535168569249
ipAddress: 138.87.27.173
geolocation: United States
lastlocation:
  world: SkyblockLobby
  x: -534.5
  y: 149.0
  z: 898.5
  yaw: 0.90008545
  pitch: 4.6500154
logoutlocation:
  world: SkyblockLobby
  x: -537.9064353877799
  y: 144.0
  z: 930.0935646122201
  yaw: -224.99998
  pitch: -0.0
