lastAccountName: AV_14
timestamps:
  login: 1535168347772
  lastteleport: 1535168358206
  logout: 1535168568315
ipAddress: 138.87.27.173
geolocation: United States
lastlocation:
  world: SkyblockLobby
  x: -534.5
  y: 149.0
  z: 898.5
  yaw: 0.90008545
  pitch: 4.6500154
logoutlocation:
  world: SkyblockLobby
  x: -526.5
  y: 144.0
  z: 927.5
  yaw: -96.09896
  pitch: 13.812305
