lastAccountName: Ultraa
timestamps:
  login: 1535181269410
  lastteleport: 1535181282378
  logout: 1535181380704
ipAddress: 66.112.169.162
geolocation: United States
lastlocation:
  world: Lobby2
  x: -69.5
  y: 83.0
  z: 18.55237025156197
  yaw: -1.1861324E-6
  pitch: -6.4499993
logoutlocation:
  world: SkyblockLobby
  x: -510.9792097596645
  y: 144.0
  z: 873.2965477395443
  yaw: -163.86426
  pitch: -4.7778635
