geolocation: United Kingdom
lastAccountName: swollenninja
timestamps:
  login: 1535184158608
  logout: 1535184180764
ipAddress: 94.8.111.130
lastlocation:
  world: world
  x: 0.0
  y: 62.0
  z: 0.0
  yaw: 0.0
  pitch: 0.0
logoutlocation:
  world: Lobby2
  x: -68.97173312703467
  y: 87.5
  z: 32.52020835355073
  yaw: -5.471397
  pitch: 6.924535
