geolocation: United Kingdom
lastAccountName: Barron18
timestamps:
  login: 1535181677562
  logout: 1535181795429
ipAddress: 85.255.235.138
lastlocation:
  world: world
  x: 0.0
  y: 62.0
  z: 0.0
  yaw: 0.0
  pitch: 0.0
logoutlocation:
  world: Lobby2
  x: -69.5
  y: 86.0
  z: -8.5
  yaw: -1.1861324E-6
  pitch: -6.4499993
