lastAccountName: Namoiram70
timestamps:
  login: 1535168237714
  lastteleport: 1535168248238
  logout: 1535168569147
ipAddress: 138.87.27.173
geolocation: United States
lastlocation:
  world: SkyblockLobby
  x: -534.5
  y: 149.0
  z: 898.5
  yaw: 0.90008545
  pitch: 4.6500154
logoutlocation:
  world: SkyblockLobby
  x: -519.837
  y: 144.0
  z: 877.5
  yaw: -97.237816
  pitch: -0.0
