geolocation: United Kingdom
lastAccountName: oMkayy
timestamps:
  login: 1535227739629
  lastteleport: 1535227892438
  logout: 1535227922696
ipAddress: 2.24.39.44
lastlocation:
  world: Lobby2
  x: -66.31672212824864
  y: 84.0
  z: -43.663630299635926
  yaw: 315.18735
  pitch: 4.9152164
logoutlocation:
  world: SkyblockLobby
  x: -529.6326330155644
  y: 145.0
  z: 875.4407089798219
  yaw: 54.96716
  pitch: 15.094806
