geolocation: Australia
lastAccountName: LuxTipicalGaming
timestamps:
  login: 1535184920780
  logout: 1535184944340
  lastteleport: 1535167766564
ipAddress: 58.171.7.98
lastlocation:
  world: Lobby2
  x: -70.36329431100637
  y: 86.0
  z: -21.791957575319657
  yaw: -182.84955
  pitch: 4.8000135
logoutlocation:
  world: Lobby2
  x: -69.09800925679502
  y: 86.0
  z: -14.801633282435175
  yaw: -25.650024
  pitch: 77.1
