geolocation: United States
lastAccountName: izzyryan93
timestamps:
  login: 1535168527355
  lastteleport: 1535168538957
  logout: 1535168568899
ipAddress: 138.87.27.173
lastlocation:
  world: SkyblockLobby
  x: -534.5
  y: 149.0
  z: 898.5
  yaw: 0.90008545
  pitch: 4.6500154
logoutlocation:
  world: SkyblockLobby
  x: -534.5
  y: 149.0
  z: 898.5
  yaw: 0.90008545
  pitch: 4.6500154
