lastAccountName: UrBiggestProblem
timestamps:
  login: 1535136035360
  lastteleport: 1535136353027
  kits:
    starter: 1535136653636
  logout: 1535137065422
ipAddress: 98.14.199.213
geolocation: United States
lastlocation:
  world: SkyblockLobby
  x: -542.8215079705294
  y: 148.0
  z: 889.0771677735715
  yaw: -71.24982
  pitch: 19.200016
logoutlocation:
  world: SkyblockLobby
  x: -538.68213296299
  y: 149.0
  z: 897.059385404649
  yaw: -83.8497
  pitch: 42.150085
