geolocation: Sweden
lastAccountName: Mate
timestamps:
  login: 1535213358040
  logout: 1535213381637
ipAddress: 81.235.44.50
lastlocation:
  world: world
  x: 0.0
  y: 62.0
  z: 0.0
  yaw: 0.0
  pitch: 0.0
logoutlocation:
  world: Lobby2
  x: -19.639460202792662
  y: 96.0
  z: -1.5081295274381654
  yaw: 102.29974
  pitch: 7.949999
