lastAccountName: PandaWizzard
timestamps:
  login: 1535168277743
  lastteleport: 1535168288069
  logout: 1535168569288
ipAddress: 138.87.27.173
geolocation: United States
lastlocation:
  world: SkyblockLobby
  x: -534.5
  y: 149.0
  z: 898.5
  yaw: 0.90008545
  pitch: 4.6500154
logoutlocation:
  world: SkyblockLobby
  x: -552.5
  y: 144.0
  z: 939.5
  yaw: -314.99997
  pitch: -0.0
