lastAccountName: LeePvPzHD
timestamps:
  login: 1535136395624
  lastteleport: 1535136600151
  kits:
    starter: 1535136458370
  logout: 1535136640860
ipAddress: 93.107.93.212
geolocation: Ireland
lastlocation:
  world: Lobby2
  x: -69.17029636575118
  y: 86.0
  z: -8.766890508927165
  yaw: -126.620026
  pitch: 8.218459
logoutlocation:
  world: Lobby2
  x: -69.5006674386074
  y: 86.0
  z: -8.474481006582119
  yaw: -1.1861324E-6
  pitch: -6.4499993
