lastAccountName: Vomet
timestamps:
  login: 1535221708768
  lastteleport: 1535221847344
  kits:
    starter: 1535222523480
  logout: 1535224285429
ipAddress: 41.68.233.8
geolocation: Egypt
lastlocation:
  world: SkyblockLobby
  x: -544.3000000119209
  y: 144.0
  z: 929.2288679717474
  yaw: -94.526344
  pitch: 10.691499
logoutlocation:
  world: Lobby2
  x: -69.5006674386074
  y: 86.0
  z: -8.474481006582119
  yaw: 0.13529596
  pitch: -6.5852966
