geolocation: United States
lastAccountName: Mercuryanka
timestamps:
  login: 1535168487822
  lastteleport: 1535168498809
  logout: 1535168568764
ipAddress: 138.87.27.173
lastlocation:
  world: SkyblockLobby
  x: -534.5
  y: 149.0
  z: 898.5
  yaw: 0.90008545
  pitch: 4.6500154
logoutlocation:
  world: SkyblockLobby
  x: -534.5
  y: 149.0
  z: 898.5
  yaw: 0.90008545
  pitch: 4.6500154
