lastAccountName: MineMaarten
timestamps:
  login: 1535141414358
  logout: 1535141818115
ipAddress: 41.248.113.113
geolocation: Morocco
lastlocation:
  world: world
  x: 0.0
  y: 62.0
  z: 0.0
  yaw: 0.0
  pitch: 0.0
logoutlocation:
  world: Lobby2
  x: -13.664564424046938
  y: 95.0
  z: -29.1306179523759
  yaw: -277.05005
  pitch: 5.8500137
