lastAccountName: Craftyguy88
timestamps:
  login: 1535168287666
  lastteleport: 1535168298246
  logout: 1535168569326
ipAddress: 138.87.27.173
geolocation: United States
lastlocation:
  world: SkyblockLobby
  x: -534.5
  y: 149.0
  z: 898.5
  yaw: 0.90008545
  pitch: 4.6500154
logoutlocation:
  world: SkyblockLobby
  x: -516.6562705986422
  y: 146.31168703140554
  z: 917.6562705986422
  yaw: -314.99997
  pitch: 1.2929131
