lastAccountName: dragon123pokemon
timestamps:
  login: 1535168213718
  lastteleport: 1535168258458
  logout: 1535168294854
ipAddress: 96.23.201.79
geolocation: Canada
lastlocation:
  world: Lobby2
  x: -71.66566564929535
  y: 86.0
  z: -9.950740379875523
  yaw: -165.59998
  pitch: -0.8980269
logoutlocation:
  world: SkyblockLobby
  x: -527.404893065021
  y: 148.5
  z: 897.3516371267866
  yaw: 252.89993
  pitch: 18.902967
