lastAccountName: isaac44444
timestamps:
  login: 1535154811574
  lastteleport: 1535155064553
  logout: 1535155151798
ipAddress: 24.190.88.176
geolocation: United States
lastlocation:
  world: Lobby2
  x: -70.21927145494321
  y: 84.0
  z: -29.36596409481372
  yaw: 282.15002
  pitch: -1.9499867
logoutlocation:
  world: ASkyBlock
  x: -802.4885905713778
  y: 118.0
  z: 801.1851596226521
  yaw: -14.549955
  pitch: 37.049988
