geolocation: United States
lastAccountName: Monkey38567
timestamps:
  login: 1535134229019
  lastteleport: 1535134393135
  logout: 1535134525732
ipAddress: 68.186.242.41
lastlocation:
  world: Lobby2
  x: -76.75036480725453
  y: 86.0
  z: -16.117659631654533
  yaw: -266.39993
  pitch: -10.199992
logoutlocation:
  world: SkyblockLobby
  x: -532.7206811379347
  y: 149.0
  z: 898.7407827699296
  yaw: -187.64996
  pitch: -16.500002
