geolocation: United Kingdom
lastAccountName: Salutation_Army
timestamps:
  login: 1535134765887
  logout: 1535134802439
ipAddress: 5.80.135.102
lastlocation:
  world: world
  x: 0.0
  y: 62.0
  z: 0.0
  yaw: 0.0
  pitch: 0.0
logoutlocation:
  world: Lobby2
  x: -69.5
  y: 86.0
  z: 8.339678488000228
  yaw: -1.1861324E-6
  pitch: -6.4499993
