lastAccountName: ReaperzJr
timestamps:
  login: 1535219826573
  lastteleport: 1535219905131
  logout: 1535219915647
ipAddress: 98.194.100.182
geolocation: United States
lastlocation:
  world: Lobby2
  x: -68.49200946870292
  y: 86.0
  z: -3.1797431719981915
  yaw: -18.749998
  pitch: 7.35
logoutlocation:
  world: SkyblockLobby
  x: -534.5
  y: 149.0
  z: 898.5
  yaw: 0.90008545
  pitch: 4.6500154
