geolocation: New Zealand
lastAccountName: BossBurger321
timestamps:
  login: 1535178106304
  lastteleport: 1535178318944
  logout: 1535178332440
ipAddress: 222.154.97.201
lastlocation:
  world: Lobby2
  x: -69.5
  y: 86.0
  z: -8.5
  yaw: -1.1861324E-6
  pitch: -6.4499993
logoutlocation:
  world: Lobby2
  x: -69.5
  y: 86.0
  z: -8.5
  yaw: -1.1861324E-6
  pitch: -6.4499993
