lastAccountName: NicksYTGrips_YT
timestamps:
  login: 1535216556259
  lastteleport: 1535218669713
  kits:
    starter: 1535217040830
  logout: 1535218810074
ipAddress: 24.233.109.75
geolocation: United States
lastlocation:
  world: Lobby2
  x: -69.5
  y: 86.0
  z: -8.5
  yaw: -48.517677
  pitch: 9.157085
money: '75000.0'
logoutlocation:
  world: ASkyBlock
  x: -1200.7301386170636
  y: 120.0
  z: 804.2345131900199
  yaw: -185.23041
  pitch: 17.107075
