geolocation: United States
lastAccountName: kamikaz333
timestamps:
  login: 1535166059367
  lastteleport: 1535166068914
  logout: 1535166080602
ipAddress: 128.90.47.182
lastlocation:
  world: Lobby2
  x: -69.66912010970222
  y: 92.0
  z: 38.94628088762418
  yaw: -0.15000114
  pitch: 0.30000165
logoutlocation:
  world: SkyblockLobby
  x: -536.4103192243507
  y: 145.75319998049534
  z: 940.6339058020865
  yaw: 107.8501
  pitch: 18.750017
