geolocation: Canada
lastAccountName: NigerianNapalm
timestamps:
  login: 1535134794573
  lastteleport: 1535134805418
ipAddress: 206.75.49.143
lastlocation:
  world: Lobby2
  x: -69.44162154569892
  y: 86.0
  z: -6.348196694638946
  yaw: -3.467988
  pitch: 7.7869987
