lastAccountName: Snounoufight
timestamps:
  login: 1535213850035
  lastteleport: 1535213956741
  logout: 1535213997767
ipAddress: 80.71.141.101
geolocation: Denmark
lastlocation:
  world: Lobby2
  x: -66.30000001192093
  y: 94.0
  z: 42.699999988079064
  yaw: -38.949623
  pitch: 44.223354
logoutlocation:
  world: SkyblockLobby
  x: -578.1796110372337
  y: -138.90521688336443
  z: 836.4201351121037
  yaw: 5.992676
  pitch: -84.6226
