lastAccountName: Fallbackhydra27
timestamps:
  login: 1535245508172
  lastteleport: 1535245899294
  logout: 1535246596495
ipAddress: 73.79.125.53
geolocation: United States
lastlocation:
  world: Lobby2
  x: -48.7683383301357
  y: 83.0
  z: 6.341147401241127
  yaw: 198.11461
  pitch: -2.0567265
logoutlocation:
  world: ASkyBlock
  x: 405.23750001192093
  y: 119.5
  z: -403.43243467408956
  yaw: 77.24998
  pitch: 43.79999
