lastAccountName: VACHOOOOOWWWWWWW
timestamps:
  login: 1535165201961
  lastteleport: 1535165216842
  logout: 1535165241256
ipAddress: 64.250.92.143
geolocation: Canada
lastlocation:
  world: Lobby2
  x: -38.713742673758716
  y: 83.0
  z: -11.773647175955055
  yaw: 154.48593
  pitch: 7.2378755
logoutlocation:
  world: SkyblockLobby
  x: -532.5119450573366
  y: 149.0
  z: 894.4744268404703
  yaw: -115.65791
  pitch: 6.6398797
