lastAccountName: jamiesklrrt
timestamps:
  login: 1535133131662
  lastteleport: 1535133178698
  logout: 1535133453926
ipAddress: 73.60.138.19
geolocation: United States
lastlocation:
  world: Lobby2
  x: -67.34883524415424
  y: 86.0
  z: -6.097477989840055
  yaw: -25.050049
  pitch: 90.0
logoutlocation:
  world: SkyblockLobby
  x: -537.454377237125
  y: 144.0
  z: 929.9595402087293
  yaw: -324.2992
  pitch: 90.0
