lastAccountName: Vxrgin_
timestamps:
  login: 1535136405009
  lastteleport: 1535136689207
  logout: 1535136733256
ipAddress: 90.221.168.60
geolocation: United Kingdom
lastlocation:
  world: Lobby2
  x: -20.69999998807907
  y: 94.0
  z: -14.13505947431933
  yaw: -264.8941
  pitch: 8.970955
logoutlocation:
  world: SkyblockLobby
  x: -545.7752739517744
  y: 146.1707870772188
  z: 862.32948744363
  yaw: -153.59146
  pitch: 20.79572
