lastAccountName: Nyfitsa
timestamps:
  login: 1535168387858
  lastteleport: 1535168398480
  logout: 1535168568437
ipAddress: 138.87.27.173
geolocation: United States
lastlocation:
  world: SkyblockLobby
  x: -534.5
  y: 149.0
  z: 898.5
  yaw: 0.90008545
  pitch: 4.6500154
logoutlocation:
  world: SkyblockLobby
  x: -522.3120606076068
  y: 144.0
  z: 927.3120606076068
  yaw: -135.0
  pitch: -0.0
