geolocation: United States
lastAccountName: TophamSlam
timestamps:
  login: 1535141907138
  logout: 1535143468793
ipAddress: 70.171.1.68
lastlocation:
  world: world
  x: 0.0
  y: 62.0
  z: 0.0
  yaw: 0.0
  pitch: 0.0
logoutlocation:
  world: Lobby2
  x: -66.01344089416247
  y: 86.0
  z: -0.11599899434746135
  yaw: -115.29168
  pitch: 2.3516695
