geolocation: Ukraine
lastAccountName: MysticDelta
timestamps:
  login: 1535198850521
  lastteleport: 1535200711827
  logout: 1535201063225
  kits:
    starter: 1535199572878
ipAddress: 37.53.166.203
lastlocation:
  world: SkyblockLobby
  x: -519.0554207327255
  y: 146.0625
  z: 902.2771683142988
  yaw: -122.11505
  pitch: 34.91513
logoutlocation:
  world: Lobby2
  x: -73.63844603856441
  y: 86.0
  z: -5.337225853835724
  yaw: 291.74377
  pitch: 9.062555
