geolocation: United States
lastAccountName: OmegaBlazeX
timestamps:
  login: 1535231618699
  lastteleport: 1535231621236
  logout: 1535231627279
ipAddress: 172.101.137.86
lastlocation:
  world: Lobby2
  x: -70.0
  y: 86.0
  z: -9.0
  yaw: -5.25
  pitch: 1.0500001
logoutlocation:
  world: SkyblockLobby
  x: -533.126567636365
  y: 146.40645917472116
  z: 921.7624531771743
  yaw: -13.649909
  pitch: 0.9000139
