geolocation: United States
lastAccountName: Guptill1122
timestamps:
  login: 1535168258055
  lastteleport: 1535168268521
  logout: 1535168569215
ipAddress: 138.87.27.173
lastlocation:
  world: SkyblockLobby
  x: -534.5
  y: 149.0
  z: 898.5
  yaw: 0.90008545
  pitch: 4.6500154
logoutlocation:
  world: SkyblockLobby
  x: -517.5
  y: 144.0
  z: 928.5
  yaw: -135.0
  pitch: 1.2658638
