geolocation: United States
lastAccountName: iTz_Nelson
timestamps:
  login: 1535154582329
  logout: 1535154686643
ipAddress: 73.66.237.238
lastlocation:
  world: world
  x: 0.0
  y: 62.0
  z: 0.0
  yaw: 0.0
  pitch: 0.0
logoutlocation:
  world: Lobby2
  x: -69.31953359377972
  y: 87.5
  z: -49.44076039491125
  yaw: -183.29999
  pitch: 1.6499854
