spawns: 
  default: 
    world: world
    x: 0.5065882671965503
    y: 84.0
    z: 0.5841624075881617
    yaw: 0.045597423
    pitch: -0.3099535
