world: world
x: 16.300000011920925
y: 68.0
z: 263.70127772085834
yaw: 355.94904
pitch: 51.150074
name: mine
