spawns: 
  default: 
    world: Lobby2
    x: -69.5006674386074
    y: 86.0
    z: -8.474481006582119
    yaw: -1.1861324E-6
    pitch: -6.4499993
