geolocation: N/A
lastAccountName: Ever_Tree
timestamps:
  login: 1539276474298
  logout: 1539276484623
  kits:
    sniper: 1539189688051
    soldier: 1539190049051
    heavyduty: 1539189692552
  lastteleport: 1539190065562
ipAddress: 10.146.67.86
lastlocation:
  world: world
  x: 7.5598360045790605
  y: 64.0
  z: -20.648867152393358
  yaw: -116.17272
  pitch: 18.602142
logoutlocation:
  world: world
  x: 7.5598360045790605
  y: 64.0
  z: -20.648867152393358
  yaw: -116.17272
  pitch: 18.602142
