lastAccountName: CreeperZ585
timestamps:
  login: 1539189452404
  logout: 1539190097477
  lastteleport: 1539190087560
  kits:
    sniper: 1539190079602
    color: 1538929977813
    soldier: 1538931672049
    explosivesexpert: 1538933503139
    heavyduty: 1538931635622
    notch: 1538927824785
    tools: 1538929720306
ipAddress: 127.0.0.1
powertools:
  '313':
  - fix all
  '280':
  - smite
logoutlocation:
  world: world
  x: 17.35559954391109
  y: 64.0
  z: -31.442539160442227
  yaw: 5.1767883
  pitch: -5.547816
lastlocation:
  world: world
  x: 46.31555080107341
  y: 68.0
  z: 71.61728221084566
  yaw: 178.10931
  pitch: 4.696498
godmode: false
afk: false
