world: world
x: 48.5
y: 68.0
z: 84.5
yaw: 180.35962
pitch: 1.5464963
name: MapSelector
lastowner: ea89974b-77ad-3c41-8273-6072be99af20
