world: SkyblockLobby
x: -538.1411626711626
y: 114.0
z: 869.8445419568361
yaw: 177.15065
pitch: -1.3499769
name: Beast
