world: SkyblockLobby
x: -516.2502082182681
y: 144.0
z: 876.5054822840032
yaw: -89.24978
pitch: -1.3499521
name: Crates
