world: SkyblockLobby
x: -534.5071000607592
y: 149.0
z: 898.3853461682626
yaw: 0.90008545
pitch: 4.6500154
name: Skyblock
