lastAccountName: xXMine_StepXx
timestamps:
  login: 1566232390871
  logout: 1566232395920
ipAddress: 109.98.30.218
lastlocation:
  world: world
  x: 1998.5
  y: 4.0
  z: 3012.5
  yaw: 0.0
  pitch: 0.0
geolocation: Romania
logoutlocation:
  world: world
  x: 2004.5
  y: 4.0
  z: 3017.5
  yaw: -145.47873
  pitch: 10.19991
