lastAccountName: CreeperZ585
timestamps:
  login: 1540921128229
  logout: 1539190097477
  lastteleport: 1540921609112
  kits:
    sniper: 1539190079602
    color: 1538929977813
    soldier: 1538931672049
    explosivesexpert: 1538933503139
    heavyduty: 1538931635622
    notch: 1538927824785
    tools: 1538929720306
ipAddress: 127.0.0.1
powertools:
  '313':
  - fix all
  '280':
  - smite
logoutlocation:
  world: world
  x: 17.35559954391109
  y: 64.0
  z: -31.442539160442227
  yaw: 5.1767883
  pitch: -5.547816
lastlocation:
  world: world
  x: 193.01551765209308
  y: 107.0
  z: 69.53476138462398
  yaw: 243.77094
  pitch: 25.200031
godmode: false
afk: false
