lastAccountName: CaptainWaffles42
timestamps:
  login: 1538612739205
  logout: 1538612803131
  lastteleport: 1538609942412
ipAddress: 172.101.147.149
lastlocation:
  world: world
  x: -103.86119059288035
  y: 4.482599998474121
  z: -85.69999998807907
  yaw: -9.1500225
  pitch: -13.050012
logoutlocation:
  world: world
  x: -27.178595341972727
  y: 10.296933514224795
  z: -87.89796239869919
  yaw: 316.50116
  pitch: 59.100163
