world: world
x: 1238.5
y: 7.5
z: 413.5
yaw: 177.08301
pitch: 8.849473
name: budgetwars
lastowner: d91918a4-49d0-4615-b6a5-2dae429a5e77
