lastAccountName: MarblePlane2873
timestamps:
  login: 1555934219733
  logout: 1555934227731
ipAddress: 94.11.21.226
geolocation: United Kingdom
lastlocation:
  world: world
  x: 0.0
  y: 84.0
  z: 0.0
  yaw: 0.0
  pitch: 0.0
logoutlocation:
  world: world
  x: -2.2208302617319315
  y: 84.0
  z: -3.26615367795219
  yaw: 61.97413
  pitch: 19.716133
