geolocation: United Kingdom
lastAccountName: NowlBowl420
timestamps:
  login: 1555942296561
  kits:
    member: 1555942303603
  logout: 1555942343640
ipAddress: 178.208.160.147
lastlocation:
  world: world
  x: 0.0
  y: 84.0
  z: 0.0
  yaw: 0.0
  pitch: 0.0
logoutlocation:
  world: world
  x: 2.399283869500713
  y: 83.0
  z: -8.680083627589621
  yaw: 174.68826
  pitch: 1.4286346
