geolocation: United States
lastAccountName: SuperCrafty640
timestamps:
  login: 1555970233250
  logout: 1555970285310
ipAddress: 173.94.236.62
lastlocation:
  world: world
  x: 0.0
  y: 84.0
  z: 0.0
  yaw: 0.0
  pitch: 0.0
logoutlocation:
  world: world
  x: -5.630208956275414
  y: 83.5
  z: 35.59721506867523
  yaw: 110.29567
  pitch: 16.340012
