lastAccountName: Kyr0maniac
timestamps:
  login: 1556475249620
  kits:
    member: 1555949661861
  logout: 1556475589168
  lastteleport: 1556475459038
ipAddress: 73.76.221.21
geolocation: United States
lastlocation:
  world: world_the_end
  x: 46.63782959653514
  y: 105.0
  z: -10.091251908487468
  yaw: -281.74237
  pitch: 5.699931
logoutlocation:
  world: world
  x: 69.87445745522523
  y: 63.0
  z: -140.060617747454
  yaw: 136.6879
  pitch: 22.199978
