geolocation: Vietnam
lastAccountName: pokhokho
timestamps:
  login: 1555850700145
  logout: 1555850725962
ipAddress: 117.0.13.178
lastlocation:
  world: world
  x: 0.0
  y: 84.0
  z: 0.0
  yaw: 0.0
  pitch: 0.0
logoutlocation:
  world: world
  x: -29.878320375781417
  y: 63.0
  z: 37.995729963764234
  yaw: 76.037994
  pitch: 90.0
