lastAccountName: OofGG
timestamps:
  login: 1555947943562
  kits:
    member: 1555947963806
  logout: 1555947999698
ipAddress: 81.158.111.88
geolocation: United Kingdom
lastlocation:
  world: world
  x: 0.0
  y: 84.0
  z: 0.0
  yaw: 0.0
  pitch: 0.0
logoutlocation:
  world: world
  x: 1.7962022664528405
  y: 84.0
  z: 0.5896999313544173
  yaw: 1.7720221
  pitch: -0.4250483
