geolocation: United States
lastAccountName: puppyg
timestamps:
  login: 1555948977850
  kits:
    member: 1555949017693
  logout: 1555949328458
ipAddress: 24.246.253.134
lastlocation:
  world: world
  x: 0.0
  y: 84.0
  z: 0.0
  yaw: 0.0
  pitch: 0.0
logoutlocation:
  world: world
  x: -2066.9954830985844
  y: 63.0
  z: -2462.4611944285452
  yaw: 184.0509
  pitch: 24.150047
