lastAccountName: Mooeena
timestamps:
  login: 1556412145729
  kits:
    member: 1556412171516
  logout: 1556412228152
ipAddress: 176.58.226.108
geolocation: Greece
lastlocation:
  world: world
  x: 0.0
  y: 84.0
  z: 0.0
  yaw: 0.0
  pitch: 0.0
logoutlocation:
  world: world
  x: -237.66011557285134
  y: 66.03110665364902
  z: 710.4928925662279
  yaw: 96.29741
  pitch: 82.945
