lastAccountName: GreenRain55
timestamps:
  login: 1556044532289
  logout: 1556044648551
ipAddress: 82.31.135.30
geolocation: United Kingdom
lastlocation:
  world: world
  x: 0.0
  y: 84.0
  z: 0.0
  yaw: 0.0
  pitch: 0.0
money: '100.0'
logoutlocation:
  world: world
  x: -8.716616961828706
  y: 63.0
  z: 157.46081965852187
  yaw: 43.09577
  pitch: 1.1900814
