geolocation: Hong Kong
lastAccountName: xDerpyAlly
timestamps:
  login: 1555945016474
  logout: 1555945085438
ipAddress: 210.6.94.23
lastlocation:
  world: world
  x: 0.0
  y: 84.0
  z: 0.0
  yaw: 0.0
  pitch: 0.0
logoutlocation:
  world: world
  x: 3.29388443299743
  y: 83.0
  z: 29.206769050194172
  yaw: 14.806446
  pitch: 5.1556463
