lastAccountName: Hugelock
timestamps:
  login: 1556208180551
  logout: 1556208198679
ipAddress: 51.174.47.150
geolocation: Norway
lastlocation:
  world: world
  x: 0.0
  y: 84.0
  z: 0.0
  yaw: 0.0
  pitch: 0.0
logoutlocation:
  world: world
  x: 0.31046698306281756
  y: 69.0
  z: 42.325504439551196
  yaw: -5.055178
  pitch: 87.3
