lastAccountName: RooTedz
timestamps:
  login: 1555947854113
  logout: 1555947999798
ipAddress: 92.84.85.155
geolocation: Romania
lastlocation:
  world: world
  x: 0.0
  y: 84.0
  z: 0.0
  yaw: 0.0
  pitch: 0.0
logoutlocation:
  world: world
  x: 0.1956008225848045
  y: 83.0
  z: -28.72231426761359
  yaw: 44.5956
  pitch: 11.090045
