lastAccountName: Jaspor633
timestamps:
  login: 1556097450298
  kits:
    member: 1556096849479
  logout: 1556097764639
ipAddress: 77.101.90.171
geolocation: United Kingdom
lastlocation:
  world: world
  x: 0.0
  y: 84.0
  z: 0.0
  yaw: 0.0
  pitch: 0.0
logoutlocation:
  world: world
  x: 3988.5
  y: 27.0
  z: -3985.5
  yaw: -278.69498
  pitch: -50.847347
