lastAccountName: Iz1cK
timestamps:
  login: 1556127171805
  kits:
    member: 1556127176814
  logout: 1556127247702
ipAddress: 5.29.64.164
geolocation: Israel
lastlocation:
  world: world
  x: 0.0
  y: 84.0
  z: 0.0
  yaw: 0.0
  pitch: 0.0
logoutlocation:
  world: world
  x: -1205.3523128798124
  y: 60.0
  z: -446.52314562480757
  yaw: -140.10022
  pitch: 20.549963
