lastAccountName: 2Tapped
timestamps:
  login: 1556174995698
  logout: 1556175014581
ipAddress: 73.158.162.160
geolocation: United States
lastlocation:
  world: world
  x: 0.0
  y: 84.0
  z: 0.0
  yaw: 0.0
  pitch: 0.0
logoutlocation:
  world: world
  x: 0.5
  y: 83.0
  z: 27.34597491355084
  yaw: 0.045597423
  pitch: -0.05952942
