lastAccountName: _Slqrdex
timestamps:
  login: 1556017600859
  kits:
    member: 1556017796288
  logout: 1556017994850
ipAddress: 46.12.49.23
geolocation: Greece
lastlocation:
  world: world
  x: 0.0
  y: 84.0
  z: 0.0
  yaw: 0.0
  pitch: 0.0
logoutlocation:
  world: world
  x: -161.49865271770003
  y: 63.0
  z: 11.492234844813844
  yaw: 244.29207
  pitch: 47.799732
