lastAccountName: ROBBIETHE40
timestamps:
  login: 1556115489058
  logout: 1556115974288
ipAddress: 185.174.156.75
geolocation: Portugal
lastlocation:
  world: world
  x: 0.0
  y: 84.0
  z: 0.0
  yaw: 0.0
  pitch: 0.0
money: '13500'
logoutlocation:
  world: world
  x: 0.5
  y: 71.0
  z: 39.34
  yaw: 0.045597423
  pitch: -0.3099535
