lastAccountName: Jawwsplays
timestamps:
  login: 1555950628076
  kits:
    member: 1555946265456
  logout: 1555950638449
ipAddress: 204.236.118.134
geolocation: Bahamas
lastlocation:
  world: world
  x: 0.0
  y: 84.0
  z: 0.0
  yaw: 0.0
  pitch: 0.0
money: '26000'
logoutlocation:
  world: world
  x: -2305.8616827246897
  y: 72.0
  z: 1132.7652204400395
  yaw: 275.25034
  pitch: -2.4000058
