lastAccountName: 5imply
timestamps:
  login: 1555965679841
  logout: 1555965880115
ipAddress: 96.52.95.74
lastlocation:
  world: world
  x: 0.0
  y: 84.0
  z: 0.0
  yaw: 0.0
  pitch: 0.0
geolocation: Canada
logoutlocation:
  world: world
  x: -2.751109346854931
  y: 84.5
  z: -16.69999998807907
  yaw: 161.37114
  pitch: 11.119307
