lastAccountName: ShadesUnicorn
timestamps:
  login: 1555970198970
  logout: 1555970228008
ipAddress: 173.94.236.62
geolocation: United States
lastlocation:
  world: world
  x: 0.0
  y: 84.0
  z: 0.0
  yaw: 0.0
  pitch: 0.0
logoutlocation:
  world: world
  x: 28.221472849612248
  y: 65.0
  z: -25.553252470366786
  yaw: -220.60411
  pitch: 9.74002
