lastAccountName: toopoorjulie
timestamps:
  login: 1555966839644
  logout: 1555966887747
ipAddress: 73.179.58.239
geolocation: United States
lastlocation:
  world: world
  x: 0.0
  y: 84.0
  z: 0.0
  yaw: 0.0
  pitch: 0.0
logoutlocation:
  world: world
  x: -9.17778262656627
  y: 63.0
  z: -43.96024340514054
  yaw: 170.81244
  pitch: 15.899985
