lastAccountName: _Im_Dirty_Dan_
timestamps:
  login: 1555994349141
  kits:
    member: 1555994364380
  logout: 1555994437474
ipAddress: 96.48.28.147
geolocation: Canada
lastlocation:
  world: world
  x: 0.0
  y: 84.0
  z: 0.0
  yaw: 0.0
  pitch: 0.0
logoutlocation:
  world: world
  x: 0.500996688449959
  y: 83.0
  z: 6.835741779321066
  yaw: -0.31070235
  pitch: -0.09617363
