lastAccountName: Kyuurisergal
timestamps:
  login: 1555815082270
  logout: 1555816892610
  lastteleport: 1555814999069
ipAddress: 45.3.1.251
lastlocation:
  world: world
  x: 43.566546887904416
  y: 4.0
  z: 2608.699999988079
  yaw: 183.31422
  pitch: 63.7642
geolocation: Canada
logoutlocation:
  world: world
  x: -1733.7319351498134
  y: 10.0
  z: -1842.1094433096553
  yaw: -250.9699
  pitch: 22.239372
