lastAccountName: Chrisragu
timestamps:
  login: 1555985937927
  logout: 1555985960758
ipAddress: 12.185.123.196
geolocation: United States
lastlocation:
  world: world
  x: 0.0
  y: 84.0
  z: 0.0
  yaw: 0.0
  pitch: 0.0
logoutlocation:
  world: world
  x: 2.6035786346370084
  y: 84.0
  z: -28.76249998807907
  yaw: 139.24565
  pitch: 8.99004
