geolocation: United States
lastAccountName: 0o0_BACON_0o0
timestamps:
  login: 1555966837490
  logout: 1555966875324
ipAddress: 73.138.19.10
lastlocation:
  world: world
  x: 0.0
  y: 84.0
  z: 0.0
  yaw: 0.0
  pitch: 0.0
logoutlocation:
  world: world
  x: 1.0325445944682545
  y: 84.0
  z: 3.609676833466131
  yaw: -268.0914
  pitch: 8.34493
