lastAccountName: DubbleSnup
timestamps:
  login: 1556017907832
  kits:
    member: 1556017731819
  logout: 1556018021250
  lastteleport: 1556017972276
ipAddress: 103.82.78.237
geolocation: India
lastlocation:
  world: world
  x: -161.00722503984372
  y: 63.0
  z: 172.55413523156358
  yaw: 62.82315
  pitch: 1.5998468
logoutlocation:
  world: world
  x: -0.1739806386847586
  y: 83.0
  z: 21.635744757880413
  yaw: 20.526722
  pitch: 21.999836
