lastAccountName: VlexGOD
timestamps:
  login: 1556182667535
  lastteleport: 1556183230437
  kits:
    member: 1556014999764
  logout: 1556183410835
ipAddress: 80.89.74.147
geolocation: Latvia
lastlocation:
  world: world
  x: -4.370043652176594
  y: 83.0
  z: -32.349637499755225
  yaw: 304.32043
  pitch: 8.040677
homes:
  home:
    world: world
    x: -232.6673094433533
    y: 55.0
    z: 9.865424016676693
    yaw: 131.35602
    pitch: 70.30251
money: '235756.8999999999996'
logoutlocation:
  world: world
  x: 853.3000000119209
  y: 55.0
  z: 2527.300000011921
  yaw: 280.50275
  pitch: 17.010675
