lastAccountName: KawaiiPile
timestamps:
  login: 1556368048767
  logout: 1556368063540
ipAddress: 80.44.23.125
geolocation: United Kingdom
lastlocation:
  world: world
  x: 0.0
  y: 84.0
  z: 0.0
  yaw: 0.0
  pitch: 0.0
logoutlocation:
  world: world
  x: -19.91715535383701
  y: 63.0
  z: 75.67377923187087
  yaw: -157.10262
  pitch: 9.050887
