lastAccountName: MrJefrey1
timestamps:
  login: 1556128480894
  lastteleport: 1556128487154
  logout: 1556128507149
ipAddress: 64.235.75.200
geolocation: United States
lastlocation:
  world: world
  x: -11.319997553106639
  y: 64.0
  z: -356.2829863471505
  yaw: -164.06203
  pitch: -1.5511299
logoutlocation:
  world: world
  x: 855.1426913810899
  y: 95.0
  z: 2523.3652489416304
  yaw: -216.59601
  pitch: 33.42783
