lastAccountName: MrAgentKarp
timestamps:
  login: 1555946785692
  logout: 1555946803315
ipAddress: 174.61.114.222
geolocation: United States
lastlocation:
  world: world
  x: 0.0
  y: 84.0
  z: 0.0
  yaw: 0.0
  pitch: 0.0
logoutlocation:
  world: world
  x: -0.4737054639667771
  y: 69.5546255304959
  z: 41.44619261004824
  yaw: -4.0768747
  pitch: 25.674221
