lastAccountName: DoYouLikeMyHacks
timestamps:
  login: 1555948246278
  kits:
    member: 1555947133439
  logout: 1555948358569
  lastteleport: 1555948311809
ipAddress: 74.110.138.14
geolocation: United States
lastlocation:
  world: world
  x: 2298.809461953276
  y: 29.0
  z: 1440.175258393995
  yaw: 159.76349
  pitch: 19.913157
money: '71000.0'
logoutlocation:
  world: world
  x: 11.546002485157993
  y: 83.0
  z: 33.2764359913418
  yaw: -49.097992
  pitch: 18.34415
