geolocation: Germany
lastAccountName: shadowlich314
timestamps:
  login: 1555797818636
  logout: 1555797850807
ipAddress: 173.249.30.10
lastlocation:
  world: world
  x: 0.0
  y: 84.0
  z: 0.0
  yaw: 0.0
  pitch: 0.0
logoutlocation:
  world: world
  x: 0.5
  y: 84.0
  z: 0.5
  yaw: 0.045597423
  pitch: -0.3099535
