lastAccountName: Goidzillasman
timestamps:
  login: 1556114882650
  logout: 1556115396950
ipAddress: 196.196.193.196
geolocation: Ireland
lastlocation:
  world: world
  x: 0.0
  y: 84.0
  z: 0.0
  yaw: 0.0
  pitch: 0.0
money: '11000'
logoutlocation:
  world: world
  x: 0.5
  y: 71.0
  z: 38.5
  yaw: 0.045597423
  pitch: -0.3099535
