lastAccountName: cosmopolismax
timestamps:
  login: 1556471151432
  logout: 1556471263146
  lastteleport: 1556387440418
  kits:
    member: 1555940453785
ipAddress: 109.103.51.150
geolocation: Romania
lastlocation:
  world: world
  x: 1334.66589929898
  y: 78.0
  z: 1020.8677599161531
  yaw: 36.458908
  pitch: 24.613611
logoutlocation:
  world: world
  x: 0.5965016642399608
  y: 84.0
  z: -3.4254757992352314
  yaw: 16.378876
  pitch: 16.77449
money: '76000.0'
