lastAccountName: ImTheYoshie
timestamps:
  login: 1556008841100
  logout: 1556008935836
ipAddress: 24.70.93.91
geolocation: Canada
lastlocation:
  world: world
  x: 0.0
  y: 84.0
  z: 0.0
  yaw: 0.0
  pitch: 0.0
logoutlocation:
  world: world
  x: 7.531320161305098
  y: 83.0
  z: 20.509964349666493
  yaw: 58.50982
  pitch: 15.039542
