geolocation: United States
lastAccountName: Aj4Life
timestamps:
  login: 1555975776016
  logout: 1555975821633
ipAddress: 73.189.85.232
lastlocation:
  world: world
  x: 0.0
  y: 84.0
  z: 0.0
  yaw: 0.0
  pitch: 0.0
logoutlocation:
  world: world
  x: -0.4989543776090685
  y: 84.0
  z: 5.166962191245187
  yaw: -100.801056
  pitch: 10.012636
