lastAccountName: Neapo
timestamps:
  login: 1555816496033
  lastteleport: 1555816705746
  logout: 1555816905187
ipAddress: 184.96.188.248
geolocation: United States
lastlocation:
  world: world
  x: -1676.471538311748
  y: 63.41999998688698
  z: -1874.8750060840505
  yaw: 167.10071
  pitch: 15.318582
logoutlocation:
  world: world
  x: 0.7156427724795704
  y: 84.0
  z: 0.5291659943931724
  yaw: 85.13055
  pitch: 29.961773
