geolocation: United Kingdom
lastAccountName: Comboa
timestamps:
  login: 1555949019573
  kits:
    member: 1555949117445
  logout: 1555949211630
ipAddress: 91.110.247.10
lastlocation:
  world: world
  x: 0.0
  y: 84.0
  z: 0.0
  yaw: 0.0
  pitch: 0.0
logoutlocation:
  world: world
  x: -1634.4781529932925
  y: 84.0
  z: 1634.0508546720932
  yaw: 2.400414
  pitch: 17.399946
