lastAccountName: ShadowSnipers
timestamps:
  login: 1556131358922
  logout: 1556131366244
ipAddress: 72.68.35.145
geolocation: United States
lastlocation:
  world: world
  x: 0.0
  y: 84.0
  z: 0.0
  yaw: 0.0
  pitch: 0.0
logoutlocation:
  world: world
  x: 0.49749605724355206
  y: 83.0
  z: 20.37898701772655
  yaw: 0.29602152
  pitch: 15.299817
