lastAccountName: FlyingHoe
timestamps:
  login: 1556024122284
  lastteleport: 1556024777077
  logout: 1556028241130
ipAddress: 80.89.74.147
geolocation: Latvia
lastlocation:
  world: world
  x: -3.768313345376921
  y: 83.0
  z: -23.230744030992682
  yaw: 251.88297
  pitch: 31.375816
money: '0.0'
logoutlocation:
  world: world
  x: 854.5215798657665
  y: 95.0
  z: 2528.5267190349173
  yaw: 177.98161
  pitch: 36.520626
