lastAccountName: Toyed
timestamps:
  login: 1556386560518
  logout: 1556386632260
ipAddress: 204.44.112.42
lastlocation:
  world: world
  x: 0.0
  y: 84.0
  z: 0.0
  yaw: 0.0
  pitch: 0.0
geolocation: United States
logoutlocation:
  world: world
  x: -0.11422519712839214
  y: 84.24918707874468
  z: -11.214836512751912
  yaw: 42.55066
  pitch: 10.511351
