lastAccountName: ForbiddenJosh_
timestamps:
  login: 1555787800965
  lastteleport: 1555787933532
  logout: 1555787949137
ipAddress: 76.116.32.137
geolocation: United States
lastlocation:
  world: world
  x: 28.73874695457746
  y: 63.0
  z: 42.72822994030361
  yaw: 191.46977
  pitch: -64.02543
logoutlocation:
  world: world
  x: 20.6563148148631
  y: 84.5
  z: 17.02613123429224
  yaw: -124.988335
  pitch: 31.1444
