lastAccountName: Captain_D88
timestamps:
  login: 1556230037901
  logout: 1556230041553
ipAddress: 91.37.229.243
geolocation: Germany
lastlocation:
  world: world
  x: 0.0
  y: 84.0
  z: 0.0
  yaw: 0.0
  pitch: 0.0
logoutlocation:
  world: world
  x: 0.8306619089049065
  y: 83.0
  z: 36.311829281677014
  yaw: 6.8617306
  pitch: 18.37131
