lastAccountName: SivRocksYT
timestamps:
  login: 1556101016161
  logout: 1556101024930
ipAddress: 118.210.110.249
geolocation: Australia
lastlocation:
  world: world
  x: 0.0
  y: 84.0
  z: 0.0
  yaw: 0.0
  pitch: 0.0
logoutlocation:
  world: world
  x: 0.5
  y: 84.0
  z: 0.5
  yaw: 16.282608
  pitch: 5.9009266
