lastAccountName: Kqrea
timestamps:
  login: 1555940694998
  kits:
    member: 1555940774085
  logout: 1555940801136
ipAddress: 49.166.153.21
geolocation: South Korea
lastlocation:
  world: world
  x: 0.0
  y: 84.0
  z: 0.0
  yaw: 0.0
  pitch: 0.0
logoutlocation:
  world: world
  x: 0.05165994682872467
  y: 83.0
  z: 7.003161116513516
  yaw: 184.1095
  pitch: 24.860544
