lastAccountName: InvisibleGod
timestamps:
  login: 1556216968667
  kits:
    member: 1556216981531
  logout: 1556216984740
ipAddress: 90.240.252.206
geolocation: United Kingdom
lastlocation:
  world: world
  x: 0.0
  y: 84.0
  z: 0.0
  yaw: 0.0
  pitch: 0.0
logoutlocation:
  world: world
  x: 3.854690007692521
  y: 83.0
  z: 34.326320703025665
  yaw: -11.2044
  pitch: 34.790035
