lastAccountName: Sparrowbird
timestamps:
  login: 1555933035407
  logout: 1555933043888
ipAddress: 86.29.138.213
geolocation: United Kingdom
lastlocation:
  world: world
  x: 0.0
  y: 84.0
  z: 0.0
  yaw: 0.0
  pitch: 0.0
logoutlocation:
  world: world
  x: -1.2495843302298062
  y: 84.0
  z: 3.751328311240208
  yaw: -5.5029907
  pitch: 3.740048
