lastAccountName: Hand_SkorpYT
timestamps:
  login: 1556324757846
  kits:
    member: 1555945390870
  lastteleport: 1556324792128
  logout: 1556324813695
ipAddress: 88.196.193.203
geolocation: Estonia
lastlocation:
  world: world
  x: 3936.300000011921
  y: 70.0
  z: -3989.300000011921
  yaw: 42.645817
  pitch: 16.040043
logoutlocation:
  world: world
  x: -3987.483317924472
  y: 64.0
  z: -3977.9178854781444
  yaw: -21.09233
  pitch: 41.850315
homes:
  home:
    world: world
    x: 421.9054781116212
    y: 37.0
    z: 876.4050887078905
    yaw: 113.59534
    pitch: 4.3499603
money: '7034.0'
