lastAccountName: einemDoenerHD
timestamps:
  login: 1555956091778
  logout: 1555956112027
ipAddress: 84.185.10.186
geolocation: Germany
lastlocation:
  world: world
  x: 0.0
  y: 84.0
  z: 0.0
  yaw: 0.0
  pitch: 0.0
logoutlocation:
  world: world
  x: 2.607601284348231
  y: 83.0
  z: 9.634868943951382
  yaw: 17.459585
  pitch: 16.88636
