lastAccountName: CJMR9
timestamps:
  login: 1555968915981
  logout: 1555968919492
ipAddress: 100.15.183.112
geolocation: United States
lastlocation:
  world: world
  x: 0.0
  y: 84.0
  z: 0.0
  yaw: 0.0
  pitch: 0.0
logoutlocation:
  world: world
  x: 56.57577351173171
  y: 63.0
  z: -313.3542513996704
  yaw: -64.9505
  pitch: 40.05007
