lastAccountName: PlumpOrange
timestamps:
  login: 1556387047727
  logout: 1556387051372
ipAddress: 75.109.36.117
lastlocation:
  world: world
  x: 0.0
  y: 84.0
  z: 0.0
  yaw: 0.0
  pitch: 0.0
geolocation: United States
logoutlocation:
  world: world
  x: -26.300000011920936
  y: 83.0
  z: -16.30000001192093
  yaw: 305.4367
  pitch: 22.002588
