lastAccountName: xXFATSOULASxX
timestamps:
  login: 1556042917750
  logout: 1556042962967
ipAddress: 79.103.36.97
geolocation: Greece
lastlocation:
  world: world
  x: 0.0
  y: 84.0
  z: 0.0
  yaw: 0.0
  pitch: 0.0
logoutlocation:
  world: world
  x: 0.47593937376177764
  y: 83.0
  z: 23.96920106423642
  yaw: 1.0721611
  pitch: 0.97325104
