lastAccountName: dirtymind
timestamps:
  login: 1555948825720
  logout: 1555948850776
ipAddress: 2.107.19.226
geolocation: Denmark
lastlocation:
  world: world
  x: 0.0
  y: 84.0
  z: 0.0
  yaw: 0.0
  pitch: 0.0
logoutlocation:
  world: world
  x: -8.29651562604813
  y: 63.0
  z: 66.79995215194079
  yaw: 5.3817253
  pitch: 21.034464
