geolocation: Ireland
lastAccountName: Verixo_
timestamps:
  login: 1556115403808
  logout: 1556115433271
ipAddress: 196.196.193.196
lastlocation:
  world: world
  x: 0.0
  y: 84.0
  z: 0.0
  yaw: 0.0
  pitch: 0.0
logoutlocation:
  world: world
  x: 0.5
  y: 84.0
  z: 0.5
  yaw: 0.045597423
  pitch: -0.3099535
