lastAccountName: Nichaa_c
timestamps:
  login: 1556184379576
  logout: 1556184728329
ipAddress: 154.70.152.142
geolocation: South Africa
lastlocation:
  world: world
  x: 0.0
  y: 84.0
  z: 0.0
  yaw: 0.0
  pitch: 0.0
money: '13500'
logoutlocation:
  world: world
  x: 0.5
  y: 71.0
  z: 39.5
  yaw: 0.045597423
  pitch: -0.3099535
