geolocation: United Arab Emirates
lastAccountName: Saucyyy
timestamps:
  login: 1555950076387
  kits:
    member: 1555943678456
  logout: 1555950081868
ipAddress: 94.207.30.55
lastlocation:
  world: world
  x: 0.0
  y: 84.0
  z: 0.0
  yaw: 0.0
  pitch: 0.0
logoutlocation:
  world: world
  x: -20.31990237576668
  y: 83.0
  z: 22.37139998246986
  yaw: 158.59776
  pitch: 26.839846
