lastAccountName: ProNonce
timestamps:
  login: 1555960592381
  kits:
    member: 1555946627159
  lastteleport: 1555946653027
  logout: 1555960693755
ipAddress: 77.101.90.171
geolocation: United Kingdom
lastlocation:
  world: world
  x: 2314.3545568526083
  y: 64.0
  z: -2438.239425645177
  yaw: 198.53091
  pitch: 34.451702
logoutlocation:
  world: world
  x: 2.6195718197229034
  y: 84.0625
  z: 1.8745171909178833
  yaw: 126.34639
  pitch: 4.64004
