lastAccountName: YLYLHEEHEE
timestamps:
  login: 1555962380119
  kits:
    member: 1555962389769
  logout: 1555962467662
ipAddress: 97.100.187.224
geolocation: United States
lastlocation:
  world: world
  x: 0.0
  y: 84.0
  z: 0.0
  yaw: 0.0
  pitch: 0.0
logoutlocation:
  world: world
  x: -1.084276429379867
  y: 83.5
  z: 14.578303378013342
  yaw: 19.630217
  pitch: -4.275434
