world: world
x: 0.49908776091855583
y: 83.0
z: -24.46519860989159
yaw: 180.1919
pitch: 2.5396233
name: Crates
lastowner: d91918a4-49d0-4615-b6a5-2dae429a5e77
