world: world_the_end
x: 7.486285916147775
y: 105.0
z: -19.39748414599331
yaw: -0.49188232
pitch: -2.6077218
name: KotH
lastowner: 8283ee29-162f-45f6-9509-6399934e9637
